00000000007551306202617110908090700050601125797000701113231I
001000064540020731260609080907000506550010000645401789866880
001000064546002431260609080907000506550010000645461940425895
001000064547001031260609080907000506550010000645471209747635
001000064549005631260609080907000506550010000645491470598391
001000064550005631260609080907000506550010000645501253270640
001000064555003231260609080907000506550010000645551669952943
001000064556012731260609080907000506550010000645561761203959
001000064557001631260609080907000506550010000645571645080568
001000064558004431260609080907000506550010000645581073503644
001000064559001031260609080907000506550010000645591192692413
001000064560000131260609080907000506550010000645601135309429
001000064562003431260609080907000506550010000645621513311414
