00000000007711506202631490908090700050618233211007576174439I
001000064539018031260609080907000506550010000645391281716510
001000064552000831260609080907000506550010000645521377972721
001000064553000931260609080907000506550010000645531540846340
001000064554001031260609080907000506550010000645541224749869
001000064563006631260609080907000506550010000645631665491013
001000064564001531260609080907000506550010000645641462920677
001000064565004131260609080907000506550010000645651387319140
001000064566007631260609080907000506550010000645661704552938
001000064568009631260609080907000506550010000645681839712008
001000064569004731260609080907000506550010000645691332518018
001000064570000131260609080907000506550010000645701507202163
001000064579007631260609080907000506550010000645791308043230
001000064585007931260609080907000506550010000645851243775590
001000064593006931260609080907000506550010000645931845739144
001000064594006231260609080907000506550010000645941401545263
001000064595010531260609080907000506550010000645951536101590
001000064596011731260609080907000506550010000645961694754265
