00000000008282606202607870908090700050618233211007576153000I
001000065126004531260609080907000506550010000651261882346703
001000065205000731260609080907000506550010000652051046989463
001000065206000631260609080907000506550010000652061606879193
001000065207000731260609080907000506550010000652071519898014
001000065208000331260609080907000506550010000652081801967831
001000065209000331260609080907000506550010000652091623068485
001000065210000231260609080907000506550010000652101420143793
001000065211006531260609080907000506550010000652111209019201
001000065212006531260609080907000506550010000652121921756881
001000065259001131260609080907000506550010000652591537961969
001000065261001631260609080907000506550010000652611120021802
001000065263006531260609080907000506550010000652631956650914
001000065264003631260609080907000506550010000652641532767293
001000065265005331260609080907000506550010000652651670099641
001000065266006531260609080907000506550010000652661272564937
001000065267005831260609080907000506550010000652671828707033
001000065268005831260609080907000506550010000652681001930176
001000065269003631260609080907000506550010000652691748153079
001000065271003131260609080907000506550010000652711294794536
001000065298015531260609080907000506550010000652981064502588
